# Created by Octave 5.2.0, Wed Jun 09 14:13:57 2021 EDT <brendan@brendan>
# name: points
# type: matrix
# rows: 26
# columns: 2
 0 0
 0 247
 161 0
 161 247
 247 0
 247 247
 333 0
 333 247
 492 0
 492 247
 0 0
 492 0
 492 0
 492 247
 492 247
 0 247
 0 247
 0 0
 0 0
 0 0
 0 0
 0 0
 0 0
 0 0
 0 0
 0 0


